163 163 25 25 25 25 25 25 25 25 25 25 25 25 25 25 25 25 25 25 25 25 25 25 161 161 161 161 161 161 
163 163 25 25 25 25 25 25 25 25 25 25 25 25 25 25 25 25 25 25 25 25 25 25 161 161 161 161 161 161 
51 51 51 94 94 94 51 51 51 25 25 25 25 25 25 25 25 25 51 51 51 51 51 51 161 161 161 161 161 161 
51 51 94 94 94 94 94 51 51 25 25 25 25 25 25 25 25 25 51 51 51 51 51 51 161 161 161 161 161 161 
51 51 51 94 94 94 51 51 51 25 25 25 25 25 25 25 25 25 51 51 51 51 51 51 161 161 161 161 161 161 
163 163 25 25 25 25 51 51 51 25 25 25 51 51 51 51 51 51 51 51 51 25 25 25 161 161 161 161 161 161 
163 163 25 25 25 25 51 51 51 25 25 25 51 51 51 51 51 51 51 51 51 25 25 25 161 161 161 161 161 161 
163 163 25 25 25 25 51 51 51 25 25 25 51 51 51 51 51 51 51 51 51 25 25 25 161 161 161 161 161 161 
163 163 25 25 25 25 51 51 51 51 51 51 51 51 51 25 25 25 25 25 25 25 25 25 161 161 161 161 161 161 
163 163 163 25 25 25 51 51 51 51 51 51 51 51 51 25 25 25 25 25 25 25 25 25 161 161 161 161 161 161 
163 163 163 25 25 25 51 51 51 51 51 51 51 51 51 163 163 163 163 163 25 163 163 163 161 161 161 161 161 161 
163 163 163 25 25 25 25 25 25 25 25 25 25 163 163 25 25 25 25 25 25 25 25 25 161 161 161 161 161 161 

